Object casuta
{
faces 100 200 300; 200 300 400;
vertexes (0.404 0.964 0.227 1.0) (0.165 0.196 0.117 1.0) (0.164 0.248 0.837) (0.528 0.269 0.541 1.0) (0.51 0.35 0.94) (0.92 0.72 0.79 1.0)
texture (0.68 0.97) (0.97 0.93) (0.53 0.74) (0.12 0.55) (0.55 0.84) (0.89 0.78)
img caramida.png
}
Object mica
{
texture (0.70 0.86) (0.63 0.34) (0.91 0.39) (0.22 0.94) (0.14 0.54) (0.9 0.10)
img mortar.png
faces 10 20 30; 20 30 40;
vertexes (0.811 0.865 0.511 1.0) (0.125 0.765 0.151 1.0) (0.989 0.3 0.649) (0.967 0.415 0.89 1.0)
}